Astro	CR	Endo	L23	L4	L5	L6	Lamp5	Macrophage	Meis2	Oligo	Peri	Pvalb	Serpinf1	SMC	Sncg	Sst	Vip	VLMC
0.0546618936377596	0.0240210941110402	0.0249501846542849	0.0232262385778128	0.0253002644612341	0.0236631597232619	0.0209540782560459	0.104051343755298	0.0475970519388385	0.0224939028816314	0.280785313696922	0.00821909749705419	0.0405876757180124	0.0870140649301779	0.0121667627801068	0.0376875693278525	0.11246445240599	0.034342147433764	0.0158137042129129
0.247799702513015	0.0674369184805514	0.00666707821488331	0.0216410023708581	0.00993862237529963	0.0209385880025551	0.037547186024304	0.0730233274962259	0.0163068825562935	0.0544223491855258	0.128319792931258	0.0109268761797647	0.0384484047768601	0.0239499941574755	0.034545095822512	0.0260858335408924	0.155817479876839	0.0135972382781736	0.0125876272167131
0.0673395976108702	0.0150545882919062	0.174864468061151	0.0318789948596059	0.0250261656312615	0.0257434030566781	0.0480706488554572	0.0557733960125474	0.0284739082411946	0.0215203269719017	0.136028342397101	0.0125666095527864	0.0679654020828147	0.0451846643758571	0.03367600396113	0.0241127154264194	0.0693495769753006	0.0992695745879467	0.0181016130480707
0.109286579064709	0.0232136940955644	0.0176733045944353	0.054032509554509	0.0362111664070047	0.0293805933276413	0.0349566637245195	0.0350430361336151	0.397613511428976	0.0263748240389903	0.0171250564155217	0.0153772076529374	0.030305602646657	0.023241652387694	0.0220311081990064	0.035464434402177	0.0439838899637442	0.0251516015265959	0.0235335644357021
0.0615945692852946	0.0170182683598431	0.00929679627407059	0.0205689830990733	0.0322335985529338	0.0361731325384067	0.0370562961298783	0.16087946696554	0.0215821086459448	0.0320441614833373	0.326880695610566	0.00918748510874339	0.0369963713955084	0.0354577747522156	0.0166256002326766	0.0121333475543093	0.0738111929660553	0.0289003766153599	0.0315597744302423
0.115101143809513	0.0597314170959559	0.00946112610835952	0.0457581527002457	0.0120675222256825	0.0204772369992584	0.0201402544176778	0.159511364620426	0.0184839966580024	0.0153980257417102	0.237412427882531	0.0175576954706851	0.0228000227304226	0.021800028851853	0.0252463387968357	0.0182472075998723	0.100344735276562	0.061388676451888	0.0190726265625189
0.0585496889234941	0.0179549763606386	0.00882579226186188	0.0226618924461589	0.0221604628525784	0.0345187926033245	0.0422523808846797	0.110396245735498	0.0377380608716567	0.024924247967663	0.129497554205881	0.00648859178416343	0.0468619239346145	0.0229036628659411	0.0427575187241798	0.023062918105266	0.218714904496715	0.122509821728768	0.00722056324691702
0.0383238179775286	0.0462630273120992	0.00586240099995844	0.0649879867934458	0.0272372872474358	0.0813290854082974	0.110786543105277	0.0536561430512939	0.0208951494533781	0.062049320832246	0.15312243860476	0.0103457685772591	0.0514759700142238	0.0141257662151064	0.03659414613031	0.0244883655968	0.115642872453897	0.0625820451716823	0.0202318650550006
0.0773184173354531	0.0564197259625745	0.0206621094386522	0.0349819159583755	0.0221364674772138	0.0391182456993286	0.0299775280366372	0.109984190764385	0.0192981227581786	0.0435281113943396	0.269630122785858	0.0108791564480592	0.0186759268566643	0.0245437296337097	0.0129573905911218	0.0518036924703793	0.0556526812393667	0.0796272861769321	0.0228051789727703
0.135327594479911	0.0760518122232661	0.0183411420631776	0.0363300995364173	0.025437362618402	0.0210346285519343	0.0408961464454912	0.101881481100192	0.0354653716842452	0.0156340459646574	0.158424523993718	0.0232831569727655	0.031457828871515	0.0204334194627008	0.0260297997429704	0.0222277760301608	0.14360353253389	0.0536968714440571	0.0144434062805273
0.0667585607740657	0.0284649833800518	0.0281529436362051	0.04422351210996	0.0146366134298216	0.0161714349034051	0.0222212114980253	0.0473830002783977	0.0451085320369866	0.0447267373777215	0.30664656810465	0.0132497940383244	0.053781312159939	0.0249304096995473	0.03154857903633	0.0377830031720566	0.106533086597943	0.0582182315526717	0.00946148621389762
0.0528552581756716	0.0540484025567595	0.00992708639679933	0.0508015283784974	0.0241963268259089	0.0542644799121871	0.0476477867422761	0.0759899029872403	0.0104473404294807	0.0390116778831184	0.256925144425684	0.0071033047127167	0.0237839643880363	0.031648829208174	0.031312474954378	0.0385070419341374	0.12507330764363	0.0491887582365028	0.0172673842088011
0.0789269747148366	0.0451541779710606	0.0126422649603004	0.0674284297633779	0.0365811257376774	0.0787995306375195	0.181341079642105	0.123559051812403	0.0100324141844577	0.043540287559987	0.0599660247197596	0.00553675535034458	0.0311255326625891	0.0220469810659605	0.0243500485702249	0.0285431820362151	0.0966516435839437	0.0438452085611201	0.00992928646611736
0.0481100255608032	0.0522117722302445	0.00962345884284333	0.0453848572775704	0.0163530093686421	0.0332720237507484	0.190626085172462	0.0787233714163407	0.0309409430122982	0.0178572947209932	0.149158793999298	0.021369759332519	0.031873463241141	0.0482535151596642	0.0355814697230446	0.0124567479215577	0.132989761654857	0.0287481004236318	0.0164655471913405
0.111332798770591	0.0364803282717684	0.00586287677090837	0.0335187275620287	0.0263921360383106	0.0129283198437299	0.0400621443269356	0.0899798779483506	0.0276920120796763	0.0517480490686823	0.217166435983855	0.0266926782224053	0.0173934928582391	0.0498123436198756	0.0290984653250137	0.0184085021829538	0.11476095849389	0.0433287418384681	0.0473411107943165
0.0684318762794335	0.0274184186521403	0.0126092222460926	0.0235888369312297	0.0123950087788075	0.0720751476238458	0.0146160153432292	0.118448783403018	0.0204017800989394	0.0319930912688678	0.281587460138592	0.0193407063269904	0.0532851332319067	0.0188282695812012	0.0278356967535867	0.0310525979123541	0.0836235262385169	0.0566500412599849	0.0258183879312626
0.10969389334681	0.0679476412737606	0.0280290820484699	0.0236694375420671	0.0353446642179691	0.0504487843768095	0.025224082657334	0.0965479978351322	0.0119082051347246	0.0170964002550301	0.177316136684022	0.0493122590975174	0.0414335049104241	0.0345955754330468	0.0618495923053885	0.0452186161558124	0.0512613724999567	0.0291259651632203	0.0439767890625049
0.043328468618669	0.0404246694873926	0.0045787094629652	0.0839546668256915	0.0550097479128168	0.102518272161635	0.151164052067193	0.0955136150300301	0.0331966854660179	0.0515659391515814	0.0286190030565866	0.023714491881334	0.0406666545264651	0.0526923831952605	0.0256294872970157	0.0363851415496631	0.0827492455598322	0.0385609584923549	0.00972780825749599
0.076776730757663	0.0177598134022625	0.00686817232983006	0.0310329499253131	0.0120256657014935	0.0426478572386548	0.19874981272265	0.0868089361817972	0.0877366562182608	0.0729256907493806	0.0797385503267348	0.00896405295170424	0.0308568236013774	0.0121721694155796	0.0231975864155706	0.0319653993956756	0.12962826654945	0.0430193475177225	0.00712551859888
0.0662109405896583	0.0558185830746138	0.00266039880039781	0.0382412405733528	0.0395744039481123	0.0786336557996021	0.23653636775583	0.094974084598847	0.0315567846217505	0.0411557858815326	0.0325037859835954	0.00875848133659916	0.0209329114801355	0.0339087734035872	0.052949285954889	0.012328715950805	0.110824731564433	0.0342218272457097	0.0082092414365493
0.143347267528658	0.0754951961324048	0.00454771453545603	0.0336849623814086	0.0231597612345096	0.0373293548811158	0.149105404804562	0.136418712396825	0.0195541404992718	0.0160233597872589	0.134590342060782	0.0382073921111216	0.0142157327095236	0.0242441265798957	0.0224555739945742	0.00905855607889198	0.0711905086232279	0.0392398474749159	0.00813204618559738
0.167737089805324	0.0338289149123978	0.0144664269653521	0.0266981987276893	0.0153457194984292	0.0177317700338107	0.0194906902328407	0.120292720362486	0.0143100878861137	0.0279002069636404	0.170308647533895	0.0395250375346923	0.03113870637015	0.0277955264138539	0.0337203650406299	0.0123630132404254	0.133070514380218	0.060193054818819	0.0340833092792329
0.0321991187277753	0.0318985903850908	0.00487158373577002	0.0932803569916475	0.0422289677570926	0.0736359731729023	0.172906231460856	0.106136891193319	0.0318386649711432	0.0774592182577968	0.0430087938034681	0.0178027616236684	0.0323368789348311	0.0407331142896379	0.0162136363347895	0.0202736521354577	0.102707969965166	0.0465117871608351	0.0139558090987537
0.0456162262989666	0.0358280673042419	0.0133338520831935	0.0866645503863702	0.0703830350674555	0.0719732314660252	0.117705011164132	0.0841945677745559	0.0397240929598536	0.0578538288097379	0.022806873865441	0.013033353181901	0.0524923326625284	0.0399410362252829	0.0364410740222478	0.0486076254370128	0.102352953526032	0.0494933346186601	0.0115549531463616
0.0494162887951561	0.0464212452117221	0.00396010567543696	0.0681609918897282	0.0465856482553643	0.088110963095848	0.123993602700099	0.0990723448372853	0.0282368206616037	0.0449388861518476	0.0343297883962271	0.0242140374028421	0.0717454346833714	0.0427562841434664	0.0326269466576872	0.0434892956860492	0.0841115938104168	0.0561434491419293	0.0116862728039195
0.0297162760909505	0.0330593150736315	0.00484822169265773	0.069756060281475	0.0277793978060505	0.0877646764206988	0.18233423799816	0.118406787483483	0.0253568860729473	0.0493886895971082	0.0501139580057664	0.00632789441969978	0.0165856388646346	0.026089814318171	0.0382168859081212	0.0489862877182724	0.140100202163434	0.037708353340021	0.00746041674471755
0.060059965766288	0.045363556314939	0.00648911275709233	0.0534901263922785	0.032437057364859	0.10172639296016	0.1491849891962	0.0858807606069508	0.0491182631902065	0.060151115342825	0.068330616021244	0.0166577459078875	0.0341693717455229	0.0355888407429922	0.0281839182120872	0.02488901089303	0.0935393047278948	0.0478208936654075	0.00691895819213478
0.0929894285417441	0.0227715294330017	0.00399018802454118	0.0659254058229514	0.0594466243074542	0.094761297707773	0.199768007684239	0.0705754416259765	0.0573409649840848	0.0430434460329815	0.0236978720460396	0.00980917298712654	0.0251054487516904	0.0326636611520667	0.0292706368226534	0.0105638019267193	0.11036372678414	0.042959742005042	0.00495360335977463
0.0711688610230985	0.0470888877300479	0.0308142487416688	0.0617145103377608	0.0582995236256991	0.0885679987381315	0.191820839508614	0.0960685873888793	0.0210192740429006	0.0352340504112196	0.0179600819598824	0.0226508621161275	0.0132014111310491	0.0392973857235605	0.0272143517017314	0.0349727953834625	0.102692730577911	0.0289419231635604	0.0112716766946951
0.0443807292599751	0.0546671305928793	0.00614314883610566	0.0891405601445372	0.0710970738748031	0.0993626355844112	0.129888979145288	0.0743577194166601	0.0370366962210507	0.047904853250555	0.0188206777868686	0.0205029848774514	0.0324434527538303	0.0349873409293468	0.0375354461842953	0.0350445219143986	0.0795200573064292	0.0777416331804193	0.00942435874069569
0.0740561829161509	0.0610057692166266	0.0120229395343006	0.0464950108936358	0.0495657147578581	0.0799438986914093	0.153874482881477	0.0748181765601707	0.0279869293126275	0.0543195287256423	0.0367257224922003	0.0319634248220179	0.0272720466051561	0.0301406984017768	0.0199989085851901	0.0332697938840441	0.112033779276855	0.0656372880180774	0.00886970442478367
0.0630085461929493	0.0545770476250477	0.00905346573203066	0.0722543323322734	0.0372283307952984	0.0889028792176828	0.150753788816942	0.071897738046899	0.0158553730307076	0.0640422333143029	0.0221665841449358	0.0234727118927021	0.0439293035986429	0.0246741712137784	0.0405190103964802	0.0481907950202331	0.107375020288577	0.0522732210184063	0.00982544732211054
0.0554079690156515	0.0378541839913228	0.0103566729245462	0.100700667154508	0.0357157619633134	0.0469233054617511	0.12845194951968	0.113582175294511	0.0227363157145452	0.0485794786243607	0.0355731253627534	0.0169755134421077	0.105777640323135	0.0238431200219929	0.013793554000781	0.0722249462241784	0.0938836051229048	0.0247359667701802	0.0128840490677765
0.0690898234010254	0.046614650376238	0.00330471465504303	0.0749720346394181	0.0622134013730091	0.0704734943751653	0.0689739338009139	0.0984122733857875	0.020504706610588	0.0378401383636127	0.0145235125560464	0.0127730094944419	0.0447483205952265	0.0499622870446941	0.0174453732632333	0.051050215568745	0.193234826408236	0.0554874141821963	0.00837586990637948
0.0521280626271544	0.0376819800512721	0.00692060750095008	0.0911520036572184	0.0697258142927691	0.0938541902733376	0.129233544327151	0.0922123202521396	0.0331688771997725	0.0518478373160196	0.0304570645880253	0.0154978609980325	0.0394987513790163	0.0210427272905324	0.0230734666645584	0.0461218929066534	0.105748253135503	0.0455176617286672	0.015117083811227
0.0525283438720299	0.0691067044088443	0.00497623411669946	0.0799345823066615	0.0495705756189821	0.0626381902264077	0.10631084092406	0.089295817595082	0.0230130436096981	0.0632818877508492	0.0302368260958042	0.0121099643462342	0.0813078195065235	0.0470023256283509	0.0243016142907988	0.0447984374178241	0.0840310108800336	0.0635607813536378	0.0119950000514789
0.0476235520915871	0.0645395050379576	0.00767143562789854	0.104899300875279	0.0668237661406627	0.0961912019758447	0.140461289597549	0.0663388132079632	0.0246429803244157	0.0493824663511967	0.0500003708492124	0.0178908467116109	0.0291635401281485	0.0179409529513049	0.0233479634125193	0.0427446303229666	0.0867870186364962	0.0547707536109541	0.00877961214643288
0.0659811772129121	0.0745180908441691	0.0076561615541842	0.0687194893942134	0.0250325607588795	0.174623626214907	0.0746256547258982	0.140731861479665	0.0171401903474376	0.0384929459601331	0.0350294592451003	0.0179817177980552	0.0541053625273994	0.0267922773393014	0.0231180682526646	0.0215458336857156	0.0849109779180025	0.0380717788384966	0.0109227659028655
0.0743875462543433	0.0412836538359292	0.0171388474602799	0.0440011509931041	0.0238250280551018	0.0553160138152217	0.0594679669127763	0.118746718842405	0.0318832186966137	0.0160188021964788	0.0247043752817705	0.0207833418063686	0.281798698992647	0.0488947712095237	0.0150959278722579	0.0172149230826077	0.0684878581654348	0.0309839974008227	0.00996715912631377
0.0613774294860061	0.0716707887952855	0.00322144733308721	0.0728063545382814	0.0635504246506198	0.104577952104001	0.14269819711663	0.0866656249228238	0.0132145437581456	0.0294330507799886	0.0231322904809187	0.0145484853253043	0.0523031810147554	0.0290243492806603	0.0272551966101548	0.0468917335962942	0.105173221874088	0.0389618105632805	0.0134939177696744
0.0645377589622602	0.0468239319652461	0.0112052334041865	0.068734814525871	0.031205110677157	0.0406335518966095	0.239096359797914	0.100415011879769	0.0364951752925716	0.0379011522638366	0.0164702664280076	0.0135880747841543	0.0452128959741814	0.0327637231893585	0.0283844540412257	0.0429719102879195	0.0784060390907237	0.0511959549415342	0.0139585805974744
0.0637417248399884	0.0209588960635843	0.00538579477157673	0.0518509412414203	0.170006055831621	0.0878674932732383	0.101828749904457	0.0680267800413784	0.0381778083022113	0.0449197424153549	0.0467444564828579	0.0232690571255217	0.0581616989166774	0.014233223858335	0.0327229289268141	0.0266680963594024	0.0779262203924786	0.0541771892624478	0.0133331419906337
0.0822706293224157	0.0496233456084074	0.00957474888200003	0.0752901357920835	0.0321930526387702	0.0914469211017992	0.068927507772703	0.100999563007778	0.0261602513895315	0.0362344906846029	0.0348514800634264	0.027664732748039	0.0974142633070806	0.0471177070492845	0.0371228897891116	0.0352071389991701	0.0854893359867021	0.0535932025397385	0.00881860331735574
0.0683299616916625	0.0411232928827027	0.00710458679544671	0.0745629183061648	0.0369285875740208	0.0797695701526734	0.077920700423165	0.108620161241009	0.0193845518679218	0.0420180401145158	0.0462907047601936	0.0284641152106412	0.0899826192212298	0.0339190146051462	0.0358762972519408	0.0319151027858346	0.110566749560703	0.0582967748112353	0.008926250743794
0.0452629638315825	0.0497471240743198	0.0120302155953928	0.0538260982110392	0.0397673832091644	0.144390498524828	0.124914150050205	0.0890834948787179	0.0331230206830999	0.0449460775874739	0.0162388755429895	0.010457824437136	0.0407876522750927	0.020637693423815	0.0357781833811674	0.0415559343197685	0.13191457218	0.0522678831662042	0.0132703546280033
0.0598310292559382	0.0436923468897379	0.00799864424870689	0.0715931494310586	0.0639576582734384	0.106492482723305	0.0975533614041018	0.113753470716878	0.0289796000095107	0.0303783822442819	0.0196642475767792	0.0259376172933474	0.0721349264796608	0.0468956450398186	0.0167682118260503	0.0351879202884257	0.1021604351003	0.0468738616017513	0.0101470095969098
0.0600729694840119	0.067476958337641	0.0131673491822333	0.0438135146545778	0.0308783637569624	0.111330934551611	0.0769525439185321	0.0605766975935233	0.0283724509576188	0.0258785826677449	0.0284434774839389	0.0231615902897557	0.0751202292364716	0.0309478810974391	0.0214855162572632	0.0235728797483681	0.170833798074765	0.0985372647368492	0.00937699797069177
0.0599046955846989	0.034666769448069	0.00521111594716978	0.0792381068312352	0.0589874752577157	0.110090733427399	0.0711862066484827	0.113527272879909	0.0391788800270062	0.0180502246428761	0.0229945238402339	0.0215944386668372	0.04755027662425	0.0366424907131848	0.022375202710016	0.05112922915623	0.122052393558594	0.0725515772944575	0.0130683867416348
0.10456933663203	0.041860943048741	0.00797096268536817	0.0770154253063326	0.0434549311964764	0.0837548937823988	0.0796810667137807	0.126191151639048	0.0385998549052271	0.0300350136170754	0.0131543677685207	0.0195416263232067	0.0494908033262865	0.0434631401440891	0.0382231035050923	0.0162056636956524	0.115339152207241	0.0598964328432723	0.0115521306601601
0.107928993215489	0.0334353282342983	0.0118809617965183	0.0694216168906926	0.0400108395652092	0.0844685527975566	0.0572255934176863	0.117343498674258	0.0169225974526927	0.0445827495858826	0.014062953133143	0.0145027722057693	0.0686581367068338	0.0504259953438851	0.0294537075139753	0.0562123332864039	0.111285864976299	0.0541313007217623	0.0180462044816455
0.0762036244886928	0.0573205431927317	0.0102481552718943	0.0819950389691109	0.0488797922729762	0.0969413000841923	0.101779349448398	0.107482703764529	0.0329036761481406	0.0390568275637948	0.0131275186983631	0.00972109606308703	0.0649312751323125	0.0376874822221636	0.0195380161244082	0.0330781716774312	0.104793172186124	0.0524470345948015	0.0118652220968488
0.0696049557702105	0.0462070274722753	0.00278665796356999	0.0550322648557607	0.0310163629733406	0.0602314743887417	0.0874471710349273	0.102832920486262	0.015957467161676	0.030879478605659	0.0355513231633929	0.0164372678758361	0.137877179444776	0.0306518262158831	0.0274738259141825	0.0191119455210145	0.171235207790522	0.0469803475316605	0.0126852958303093
0.0828694350298362	0.0380134356892406	0.0101616765445735	0.0740775253359633	0.107219531100847	0.0717518576601497	0.053774041693141	0.0952482357526063	0.0363392295192573	0.0596294331978699	0.0231648800575009	0.0368276369667079	0.0476026758001012	0.0507166348898968	0.013752494323113	0.0449581885270461	0.0963857784704263	0.0406877235971527	0.0168195858445701
0.0509944380431022	0.062724195981251	0.0132822315219408	0.0724626225660167	0.0658950738459941	0.0824452259919106	0.0631918385955999	0.0900649950520282	0.0283288653333536	0.0485879363901365	0.0219748913890165	0.018770049994696	0.107817019532582	0.0423671309561908	0.0258711329369232	0.0510218461237187	0.0882345518162841	0.0527673122372197	0.0131986416920354
0.0828677681539468	0.0408072866436709	0.0184221935460561	0.0726869687070281	0.0635131942708052	0.10814228323553	0.0771392589702596	0.0885677102854496	0.0421154684388895	0.0415441527923516	0.029622677577215	0.023910166506512	0.0607653415276101	0.0281682892583795	0.0115541731862432	0.0404332066798973	0.0993724750717539	0.0570623507147192	0.0133050344336823
0.109829738473362	0.0455051170697835	0.00637876126865888	0.0540963653245171	0.0417802687258738	0.0724607700229456	0.0645602613372578	0.0898327029352315	0.0350347944165235	0.0452433359289415	0.0226224987288171	0.0157706279234696	0.103818214954844	0.0567506436810671	0.0221714424608201	0.0475125437401181	0.0907396266910879	0.0577290420650765	0.018163244251604
0.0552734670347622	0.0594586574714703	0.00332612269011615	0.0785819786631318	0.0563819471478085	0.114159181919049	0.0890257670108509	0.103854615488698	0.0188189549666864	0.0563612261847661	0.0120332765012213	0.0204151190478863	0.0574248853552297	0.0337466506789523	0.0188775794695381	0.0539799361657969	0.108676994839366	0.0537646580867353	0.0058389812779354
0.0747818849445806	0.030037272874365	0.0070739305290247	0.10040185013072	0.15643823970725	0.0949515608689904	0.0637422974404941	0.088356093227718	0.0301642342243455	0.0415304579397797	0.00630469132713043	0.00884851021326726	0.0503111580271699	0.0200684435057765	0.0344485694431238	0.0351852500390938	0.110234120327534	0.032168103165801	0.0149533320638364
0.0830736304145665	0.044040506288235	0.00599818390809418	0.0631990455638358	0.163103750366903	0.0744649186661882	0.0917535999164973	0.103518252337962	0.0245237116828125	0.0270825746700447	0.0103385166621927	0.0216144848938524	0.0412108026310854	0.0233902903526777	0.0363551078642199	0.0245304807691356	0.0946897873467977	0.0562191135817515	0.0108932420831474
0.0704152949678011	0.0640667118930765	0.0116468721555933	0.077988179337279	0.126067648573376	0.0596446848965081	0.0495454514556913	0.0972140029982523	0.043956471570314	0.0746456253697893	0.0152822424584525	0.0133621918789317	0.0490452100828228	0.0377420384706307	0.0353709681668038	0.0153481786513643	0.0887131387414777	0.0493935348508038	0.0205515534810325
0.0602511185562053	0.0357334712812923	0.013584535226587	0.036800433497613	0.0474768104622091	0.0826653750986441	0.0483298949869133	0.108001722491649	0.0368464353276758	0.0300918234397732	0.0322704348234696	0.0115624626935906	0.188641339735764	0.0513268634184449	0.040519813959946	0.0306265314602088	0.110173030101907	0.0277736540276064	0.0073242494104999
0.0567644636901622	0.0223750196454816	0.0099886717925212	0.102923498896748	0.067594687159141	0.0985609398907277	0.0770433427961047	0.0955507879267367	0.0390678131760352	0.0495171721812616	0.018849776540017	0.0109351487955747	0.0357259857786906	0.0481408897684611	0.0202095278415198	0.0304754885185506	0.14327986591338	0.0615376777919731	0.0114592418969124
0.0534922123589834	0.046376518738788	0.00686823503749808	0.0812932558874468	0.187038858428834	0.0576290124028663	0.0573545300939079	0.0940330194403799	0.025978786783492	0.0279163913786014	0.0254918908426541	0.0292098441100494	0.0331911879237359	0.053439419870407	0.0248976592471374	0.0408949826240465	0.0879725630641827	0.0417741903553255	0.0251474414116634
0.118017448466938	0.0306227683189027	0.0238630215240802	0.0593585757410384	0.145138293193301	0.0705646450934266	0.0571593116409532	0.0996974808421058	0.0157946280664934	0.0392397910288028	0.0240543540353555	0.0232390632457498	0.0388654704019052	0.0243305952911744	0.0216331859917353	0.04680136397936	0.103867551318478	0.0521746349979156	0.00557781682228413
0.0703472999998668	0.0324658313203443	0.00271327477941757	0.0882574566814407	0.150582099517825	0.0940793980953501	0.0824951571409331	0.0828329414913546	0.0296173535629776	0.037665572697045	0.0170169083572633	0.0366922685907309	0.054133435686279	0.0322606625723925	0.0160295240512557	0.0406128794231839	0.0755303434899009	0.0436094170928156	0.0130581754496241
0.0693140807172767	0.041526584703105	0.00729013251666774	0.0956040718478693	0.137220226344764	0.0740523243823898	0.0825806026532783	0.0889827167471815	0.0169712956168088	0.0915010792052895	0.0139451072962786	0.0237317458306852	0.0470771428263708	0.0401768673520821	0.0173544237357308	0.0218453795388157	0.068707710718185	0.0514721815558289	0.0106463264113922
0.0492689250929571	0.0395844988561233	0.00708731527017433	0.0868776498385213	0.113394674217162	0.0755671548082937	0.0640239935232537	0.0807366501170548	0.0243992635009446	0.0492533551511967	0.0260587037535665	0.0306934867347268	0.0553287269570174	0.034074489998384	0.0380899622292064	0.0448400945563121	0.107815591949823	0.0650154059053356	0.0078900575399474
0.084099338018447	0.0321817196009954	0.00779178314854303	0.0969268913754789	0.11828748826318	0.0809607298532562	0.0757742841508726	0.102707949436344	0.0498689929990313	0.0442298416954437	0.0106170244870409	0.016079585643478	0.0233927449254157	0.0395215032144611	0.0319166305830074	0.0293313885510845	0.10169639547605	0.041673128535008	0.0129425800428632
0.0495528659102473	0.0467217654885755	0.00782661667849231	0.107794405362129	0.170842905730705	0.060523242503985	0.073410355061106	0.0973428800448845	0.0406263728353513	0.0711299308994	0.0111806081057151	0.00988305951327559	0.0259527013269679	0.0159351028414529	0.0224825462611326	0.0194518204019434	0.0950060792652416	0.0584965947542978	0.0158401470150974
0.101821138597817	0.0236381251796407	0.00757917052981694	0.0976397664032512	0.124325063899011	0.085014296173053	0.0787517203431688	0.0840350136477543	0.0404069356293833	0.0247282395632187	0.0211906128404839	0.0175064437730296	0.0481835527299727	0.0314028540844578	0.0185685753782982	0.030350954368615	0.100755711874458	0.0484502399361463	0.0156515850484236
0.049524161727335	0.0320576402268216	0.017286078750116	0.0857181314583901	0.156860491516316	0.0778640842367586	0.0482090923586112	0.0948395756024239	0.0660918568516809	0.0472487576240824	0.0218110826345772	0.0219624218247166	0.0546651011922598	0.0376706465516651	0.0307453349641495	0.0214945795709588	0.0577930749644847	0.0573167079738603	0.0208411799707921
0.0864521273750054	0.0573040592478638	0.00569220961617303	0.0753368460667355	0.144251435907783	0.0757662566275534	0.0628658914117809	0.091129576116543	0.0467749055070866	0.0449110003366184	0.0106508842179804	0.0349924057276446	0.0379406174554352	0.0253811117164182	0.0174972452215894	0.0188195736485924	0.105878336015013	0.0480914380165119	0.0102640797676723
0.0327067863494743	0.0332822951683683	0.00570241718920762	0.129962839939884	0.121081638825464	0.0776642422210559	0.0790816975731319	0.107960729460715	0.0477384023182535	0.0402250961677547	0.0274857521753306	0.0161928249986269	0.0487886240029802	0.0427785661042652	0.0240608748831607	0.0307038926392853	0.0835190519785094	0.0382118030170711	0.0128524649874607
0.0550279265968264	0.0413013353693207	0.0066492875067654	0.140813916623372	0.150799787564343	0.036826398774753	0.0786035576339789	0.112031852207648	0.0181400741572465	0.0162573216374345	0.0529482632340795	0.00891764450260213	0.0338248079774587	0.0157150661804496	0.0510915305340948	0.0281354929673094	0.0888819036161936	0.0514167265957078	0.0126171063204161
0.0911744756436982	0.0505376478326066	0.0123272868767285	0.116890818163871	0.0836842538852577	0.0797237758017835	0.0864899618987808	0.0720363706278385	0.0313866980224068	0.0442516578695394	0.0197112144080738	0.0185732951134623	0.0491085651707065	0.0279062841982355	0.0257712790991478	0.0376407538889845	0.0921007553130647	0.0461081407997629	0.0145767653860505
0.0771142029913166	0.0252047403067702	0.0100222454990154	0.115883476944854	0.132802052890499	0.0574123647075703	0.0467534582858292	0.0694908304370021	0.0478070714918398	0.0563417715286997	0.0359724237437273	0.0161982739897021	0.0348504272626643	0.0311763353034655	0.0172348558097337	0.0390874554374847	0.132380855322824	0.040660478579179	0.0136066794678228
0.104891653151772	0.0455450767929879	0.00405691951478689	0.120866711372155	0.166169199651766	0.0473877862490865	0.0744261033558524	0.0796866033774724	0.043038527704603	0.0127562059485668	0.026310361751814	0.0220422721624672	0.0367804677349485	0.0357292927029024	0.032145553090648	0.0279488973869888	0.072216724627427	0.0400865050573155	0.00791513836643922
0.100091534998901	0.0381482313464976	0.0376965695600508	0.145902860138254	0.0792220314339246	0.0449090936713747	0.0717927846060988	0.0640181215778552	0.0317336428647743	0.0540190369159401	0.0180730765018818	0.0190442774188394	0.0439531031940901	0.0427846568498632	0.0327465220140924	0.0200453821309854	0.081274460484401	0.064264896371032	0.0102797179211429
0.0619921902207399	0.0210215111418498	0.00760865163587764	0.13445334261368	0.0728099773458824	0.046715133322572	0.0743351278551287	0.156995109971491	0.030672954941338	0.0474902651963786	0.0124407978170414	0.0177370235957162	0.0178413934961128	0.029958483205504	0.0413563393424989	0.0572903238742374	0.106788316793458	0.0521112505477217	0.0103818070827713
0.103005842104884	0.0332622577694254	0.0125350153974991	0.135739157363822	0.0654009249850393	0.048886771169518	0.0632424848393308	0.0893791424999346	0.0208179124345413	0.0319852657772259	0.0286872263112242	0.0229368988843224	0.107459434346177	0.0402446568994032	0.00739255391777821	0.0221188391934785	0.112541893500665	0.0467229020815006	0.00764082052422925
0.136384173215798	0.0318514013456898	0.00213511718510958	0.135310201969569	0.103528242061774	0.0587613131870037	0.0762203417421665	0.0714011441738202	0.0493751195279186	0.0401432876636956	0.0138629755873647	0.0359666261698197	0.0507558439238893	0.0218389631934193	0.0306360384166133	0.024784233671753	0.0593749273247926	0.0472360476429698	0.0104340019968336
0.0628128512066499	0.0271528162329926	0.00876574083609639	0.11168742508731	0.111006268639987	0.0677618619417066	0.0648465031751782	0.0903313928763237	0.0315750803756091	0.0328795953359077	0.0352395736544156	0.0299765593633174	0.0409116203529105	0.0337022798941252	0.0218276495045361	0.0513446273572455	0.0985886384365026	0.0686390322140131	0.0109504835151731
0.0902083363404245	0.0216092913543365	0.0102218648841429	0.254151563961464	0.0461967588889521	0.0244090123884717	0.0622964112228663	0.068764242739141	0.040530621823031	0.0422347029380154	0.0115416535477993	0.0113637031243305	0.0510863283642329	0.0309555208904331	0.0183070533408196	0.0111781498741284	0.127611774242998	0.0688859529143004	0.00844705716011221
0.0583446638924146	0.0287521955865344	0.00404333372011122	0.138146596956762	0.0649710320743901	0.0283053702392648	0.0977587795524018	0.126701697836514	0.0206388271777398	0.0286380552844723	0.0135621652254701	0.010623655196834	0.073564728801278	0.0292706568979987	0.0290667041503806	0.0164299052970259	0.145549564570491	0.0688410196515693	0.0167910478883475
0.0625156445590896	0.0521058236213374	0.00361589669683706	0.203354787291242	0.0595042111018552	0.0288253891858411	0.0745556795420639	0.127531462989963	0.00922762019671102	0.0370756047793806	0.00920864756941274	0.0308514463244858	0.0249848950879402	0.0474162750888367	0.0222885777490161	0.0242241894913613	0.116910061396354	0.0479111457248172	0.0178926416034551
0.0518954209825431	0.0598719783705801	0.0038254416815282	0.139248059886174	0.0975414172262397	0.0519986873704063	0.0918553147652742	0.0877213911722435	0.0313769277805542	0.0417182037039432	0.00968746957966708	0.0202093114647702	0.0315232026364554	0.0340451814137413	0.0450314763565667	0.017478428063656	0.0941384906546111	0.0719620614579715	0.0188715354330749
0.0804430553814435	0.0280996244986264	0.00514694079309694	0.139042530054109	0.0774682809822727	0.0639523611946476	0.0925534358468816	0.0704946133234905	0.0198345663426258	0.0567779516762479	0.0249563275077159	0.0225872652961288	0.0284477095689478	0.0516651719420145	0.0485129864122694	0.0399827802914947	0.0755847299590427	0.0610108732216648	0.0134387957072796
0.0755560415138084	0.0447897247506047	0.00434379686453453	0.209752766206394	0.0824651611746148	0.0665728546188127	0.0618084262318411	0.121346688999893	0.0223600533202285	0.0222823027589008	0.0164890406560869	0.0283068208466147	0.0227486903977997	0.0270824462601739	0.0204035860897495	0.0183395944108268	0.0827760758954272	0.049864885984087	0.022711043019602
0.0402060286695795	0.0348596730307063	0.0102053897574187	0.23054025516357	0.0347235454004869	0.0529475501038832	0.103011319652078	0.092416137834976	0.0256342496521645	0.0436930224832935	0.0139327247900288	0.0133066489326066	0.0187425162108797	0.0370918600786882	0.0383749425265285	0.0217076102641346	0.0920401687136729	0.0859335020524339	0.0106328546828702
0.0533427557835966	0.0267665579514941	0.00322986889941153	0.212964619372259	0.058664572989239	0.0398760490868361	0.0653993017968709	0.0953090039824797	0.0245179701424645	0.0294792660008497	0.00763323131443217	0.0202168116859433	0.0389692505725932	0.0233279979989429	0.0322622333499225	0.0150208905212934	0.121604242516984	0.118055927081343	0.0133594489530433
0.0624005948606256	0.0255255904780067	0.0168661746385826	0.109968072014752	0.0363195757417702	0.0371148713364774	0.062901716078999	0.118468154162354	0.0378751719397403	0.048418761579582	0.0141971064249071	0.00813345428274875	0.119605203780112	0.0666156871076907	0.0298278158846778	0.0305480241920016	0.110896751670817	0.0518587698034469	0.0124585040227084
0.0687999213694242	0.0523182532095383	0.0179400848201626	0.201729076480826	0.0449809857158765	0.0752013154518395	0.0746511051751443	0.0929112885169132	0.02815663982696	0.0252090705636277	0.0141301063500101	0.0107469575700746	0.020869366608019	0.0237659193253995	0.038329682672059	0.0303266246495903	0.0941372941874233	0.0525007585344997	0.0332955489726126
0.394448551200409	0.0534727450351735	0.0290556123554786	0.0300552700244253	0.0276358531897402	0.0254875855338803	0.0252049877071553	0.0378742965291207	0.020696381609803	0.0219478872997164	0.0384712271637839	0.0134629344842731	0.0373485161749149	0.035096081584173	0.0195076362319472	0.0985547752954152	0.0373125508349972	0.0290956411728499	0.0252714665727429
0.0888936222350136	0.0146020919962817	0.00738050256493051	0.227768075322286	0.0831477170208247	0.038830708042961	0.0610071528272398	0.129437643159732	0.0716100233924321	0.0538847585530342	0.0127994532887048	0.00835465185443326	0.0126745158862513	0.015835958563989	0.00949287268175996	0.0451445124207296	0.0669532461446554	0.029401517698285	0.0227809763464562
0.0480612128964531	0.0197082549062958	0.00421061013124765	0.186140104799876	0.0916845645938701	0.0337104824145136	0.0728062015093771	0.12877277695471	0.0168981146581972	0.0800316692427766	0.00709353758896316	0.0276022172321321	0.0248482172354552	0.0393504575490906	0.0191553129775527	0.0186247489322896	0.111610088327031	0.0646915650584077	0.00499986299176114
0.0467049147301794	0.0405469492231955	0.00406193155477594	0.174810365992758	0.0605940640946494	0.0567817732952837	0.098199370893663	0.0935572201057819	0.0234713294536189	0.05684993631722	0.0170261364218224	0.0144570303968982	0.0347903804855643	0.0400812401802851	0.0417518800025871	0.0239469603331821	0.0977673312359663	0.0672436625773263	0.0073575227052421
0.078687337752019	0.0480797526969789	0.0193599011888841	0.14407743026066	0.052727467717912	0.0573213526897438	0.0868966794970789	0.100031837570972	0.0302866141055076	0.0622885069328774	0.0159217704325769	0.00896627812285662	0.0198154834766835	0.0418413905780869	0.0315659634914368	0.020455915903301	0.100801992898536	0.058691999660072	0.0221823250238167
0.388658564709057	0.0298789070766396	0.0415432803344875	0.0415275670515909	0.0375875773801171	0.0245062596667087	0.0366996112386397	0.0767358682557219	0.0302176297941415	0.0456922077599899	0.0426993439267714	0.0159756677370733	0.0181386033311342	0.0200525334694492	0.0352548641973133	0.0217299811392468	0.0424639504294342	0.0260548346244104	0.0245827478780739
0.288743037536385	0.023017779612677	0.123174303205635	0.0277423311002884	0.0284765545655007	0.0296370085618356	0.0404904903555092	0.0422217381691991	0.0369927705116378	0.0316480366696742	0.0200693927983404	0.0272533430726731	0.0306776643862882	0.0364210072661302	0.0541626057370833	0.0299723621506049	0.0364421632398388	0.0553646919276717	0.037492719133027
0.31746924947084	0.0409911388268661	0.0215045568420982	0.0653752132587259	0.0758512940785359	0.0234103878911349	0.0287615964558535	0.0996717003612796	0.028129012448961	0.029565476570168	0.0402345435249405	0.0115830598095955	0.0375159481227558	0.0351843847263082	0.0325405113850378	0.0226970233847479	0.0290972375198845	0.0368649811135534	0.0235526842087133
0.0382934921470905	0.0447140366206351	0.00271960169262442	0.188280867729008	0.0454850751015258	0.072040824571845	0.0615580776805553	0.100801948608633	0.0388625283041836	0.0889755945916152	0.0174066939212489	0.0124029618168347	0.0277916995565446	0.0328560312324711	0.0377267911707914	0.0137333844732584	0.109316528548081	0.0528521009850579	0.0141817612479964
0.105316722799636	0.0950036407622293	0.0223920825397145	0.0323875314152378	0.036238022898683	0.0268485899128	0.0412694098210062	0.0731938923320358	0.0653545723235524	0.0164409461180992	0.0236785749122348	0.0133412921006311	0.027545966708255	0.0611018379759376	0.0336110831958942	0.0175285770971353	0.0484876486930076	0.0266134063684609	0.233646202025449
0.142037129032228	0.0586046787070412	0.110145443024403	0.0488670372362657	0.016830982550342	0.031433967692631	0.0266675587303417	0.0811043604400662	0.0487217743485896	0.0131335811662711	0.0186523296087232	0.0162700772464389	0.0330691257937107	0.0355443926646836	0.0323207185878392	0.0192602173072058	0.114910186071158	0.0603320208659375	0.0920944189261235
0.189311500854756	0.0837544891154456	0.0383106217278781	0.0348894507430729	0.0111582089584721	0.0287945710837786	0.0333434246600723	0.0943308095751848	0.0451131324371518	0.016417875028861	0.0312227763107026	0.0129548882585784	0.0282969694644894	0.0292621312307667	0.021690592789988	0.0412534779946067	0.130834687719743	0.0248282559148016	0.104232136131651
0.304504893489699	0.0313325656884428	0.0495481953755619	0.0340782313875602	0.0416518177794822	0.0360698368925007	0.031243604261241	0.0852965715270048	0.0437762071189973	0.0264751432384065	0.0193675241035308	0.0295247837556503	0.0317280986433488	0.0355926840385167	0.0217139737211221	0.0301603579862354	0.077080510307619	0.0474096465570357	0.0234453541280452
0.0438014988912105	0.106956313375397	0.0269517674969888	0.0526517365237369	0.0557054520279423	0.0355622680383212	0.0464880902653047	0.0628366238320758	0.087443140076371	0.0433239856855807	0.02972265301477	0.0253546829674041	0.0239030903464326	0.0318459776121385	0.0358969979516613	0.0518643462680607	0.0422007120155207	0.0608969010239705	0.136593762587112
0.0521761292487844	0.0423256241358384	0.0262009672317029	0.0472255719455911	0.0252516550393907	0.0221096784063214	0.0236528251807055	0.0932876183031906	0.0715183728127909	0.0276565747307549	0.0180629755423695	0.0160227326904894	0.0558667943414304	0.0411754237379619	0.140952101543953	0.0191776694038945	0.112287636672356	0.0548011173142888	0.110248531718185
0.295779423791383	0.0698912445579765	0.00637788767722087	0.0184646682365237	0.0161597653556129	0.0207191765325614	0.0417743208244698	0.0680418721747192	0.0102551723643212	0.0409957879923855	0.0281998459976407	0.00889857274097216	0.00989142765781096	0.0404148920813891	0.0625923842555889	0.0157987512936897	0.129467587575512	0.060692288929749	0.0555849299604737
